原始序列的ADF检验结果为: (-1.8565205709139423, 0.35278331472349744, 4, 93, {'1%': -3.502704609582561, '5%': -2.8931578098779522, '10%': -2.583636712914788}, 2093.034419632638)

差分序列的ADF检验结果为: (-8.032454751319193, 1.9419168809719905e-12, 3, 93, {'1%': -3.502704609582561, '5%': -2.8931578098779522, '10%': -2.583636712914788}, 2070.9535301769974)
差分序列的白噪声检验结果为： (array([6.20003705]), array([0.01277476]))
          AC          Q  Prob(>Q)
lag
1.0  -0.000784   0.000060  0.993810
2.0   0.006303   0.003997  0.998003
3.0   0.015630   0.028468  0.998733
4.0   0.011659   0.042233  0.999780
5.0   0.011135   0.054929  0.999963
6.0  -0.025999   0.124914  0.999961
7.0  -0.005418   0.127988  0.999995
8.0  -0.043506   0.328465  0.999973
9.0  -0.036545   0.471572  0.999976
10.0 -0.084013   1.236758  0.999548
11.0 -0.075559   1.863068  0.998922
12.0 -0.077824   2.535500  0.998029
13.0 -0.005380   2.538753  0.999152
14.0 -0.013686   2.560063  0.999632
15.0 -0.008824   2.569032  0.999849
16.0 -0.029078   2.667656  0.999923
17.0 -0.019782   2.713888  0.999966
18.0  0.017200   2.749294  0.999986
19.0 -0.049951   3.051829  0.999988
20.0  0.038139   3.230550  0.999992
21.0  0.024913   3.307836  0.999996
22.0  0.037297   3.483436  0.999998
23.0  0.046164   3.756187  0.999998
24.0  0.102024   5.107133  0.999985
25.0  0.024184   5.184129  0.999992
26.0  0.122173   7.177527  0.999903
27.0  0.066485   7.776544  0.999890
28.0  0.068006   8.412635  0.999872
29.0  0.036744   8.601140  0.999915
30.0 -0.027356   8.707230  0.999949
31.0  0.017697   8.752325  0.999972
32.0 -0.055103   9.196445  0.999974
33.0 -0.078512  10.112616  0.999957
34.0 -0.148384  13.438731  0.999382
35.0 -0.082920  14.494716  0.999133
36.0  0.029292  14.628729  0.999403
37.0  0.099244  16.193578  0.998829
38.0 -0.145140  19.599178  0.994125
39.0 -0.017716  19.650825  0.995829
40.0 -0.029956  19.801173  0.996900
(array([-38697.46243603,  13680.28955871,  33335.00862779, -45071.63219761,
        23252.89299121]), array([52066.13779159, 56513.38224892, 60222.51764619, 60249.59977558,
       60443.51890121]), array([[-140745.21732165,   63350.29244959],
       [ -97083.90429371,  124444.48341113],
       [ -84698.95701707,  151368.97427266],
       [-163158.6778407 ,   73015.41344548],
       [ -95214.22715402,  141720.01313645]]))
                         ARIMA Model Results
==============================================================================
Dep. Variable:                  D.指标值   No. Observations:                   95
Model:                 ARIMA(1, 1, 0)   Log Likelihood               -1180.420
Method:                       css-mle   S.D. of innovations          60247.382
Date:                Fri, 01 Apr 2022   AIC                           2366.840
Time:                        13:26:32   BIC                           2374.502
Sample:                             1   HQIC                          2369.936

===============================================================================
                  coef    std err          z      P>|z|      [0.025      0.975]
-------------------------------------------------------------------------------
const        2688.7053   4989.390      0.539      0.591   -7090.319    1.25e+04
ar.L1.D.指标值    -0.2432      0.108     -2.259      0.026      -0.454      -0.032
                                    Roots
=============================================================================
                  Real          Imaginary           Modulus         Frequency
-----------------------------------------------------------------------------
AR.1           -4.1116           +0.0000j            4.1116            0.5000
-----------------------------------------------------------------------------